100629
80988
113320
127208
75093
90051
68776
115044
116096
107414
105744
99551
119694
94159
64905
95613
73236
104844
93939
75896
97022
107654
106810
88331
106149
85957
102761
117098
116712
97784
161858
89462
116787
98812
105622
117177
92207
114344
68003
110169
78939
79123
74513
118292
78001
115252
88861
76237
104751
71493
115877
122979
106554
113931
75156
97397
83702
76031
74718
81443
114530
80299
112554
109594
127532
85687
121351
112644
122776
109279
71448
72346
98598
75926
92657
77797
82431
75451
107454
80784
80619
105190
128109
120707
110930
102232
119781
112661
118678
113256
82261
85724
90966
77846
71471
74654
111351
101529
81971
90156
103377
106801
93816
85669
68318
103305
96540
98059
119864
111885
119427
89821
113532
96691
103124
72669
151341
108457
68053
72556
93204
126604
99627
97595
72079
91292
74722
67862
87620
111840
101338
109034
113590
117421
86787
110439
111448
88136
73344
122879
110096
109616
98044
104386
71156
118425
116046
75111
113748
123821
102625
116992
104044
73142
92253
125041
89775
83292
118983
119201
74783
96750
116178
125251
74990
122936
93972
75412
124856
73642
69759
76110
84763
74158
65565
110381
70143
116349
109716
103394
103223
80198
99997
90918
113148
124298
133893
105932
115122
113555
113609
90677
76157
74714
88187
99721
121513
110313
111412
112254
117889
117555
116109
96012
113113
78298
89799
114508
90964
123816
111526
107590
74367
114986
73992
85064
73038
77513
116018
79476
108262
101553
125470
98337
120601
115739
104394
96771
115607
117154
115287
76356
118827
77893
117748
88569
88557
111747
113655
112703
118382
115056
106445
71674
91845
86049
106380
78886
68879
97808
119351
110825
112222
90828
71765
77152
94896
116992
74825
119850
118533
88032
93503
114597
103160
72001
112552
112406
77478
71031
117197
79903
112309
74309
122728
123664
73062
114883
82309
93492
104458
77373
69015
77864
112721
109822
120700
68040
74635
115620
74620
89200
120754
97336
73539
124102
101303
71189
79118
76009
72820
99680
103063
114634
110127
110722
110763
68001
94470
114890
79786
77146
109562
77340
69058
118205
119294
128407
129547
95313
104045
95324
71768
81661
109482
120325
73143
104343
71853
107871
107131
79912
98562
118105
124086
109268
109790
89162
85270
125282
94562
84035
81015
118007
98126
113509
124662
78249
72412
109471
72944
111104
77193
74780
115603
76382
72235
74705
71215
86828
128512
112746
129794
117379
161535
76793
120191
90713
112432
126484
75431
118269
114620
74078
107338
118626
117873
105267
104997
117822
94815
105963
99365
83883
120630
85198
75009
105340
99180
114414
125793
101039
90822
100879
102770
110987
86302
110711
111073
91709
119881
114802
86528
101445
82230
86578
101030
75683
119652
119948
118077
112550
73571
114386
118349
100979
76955
120576
112752
95076
70956
69122
107060
109501
109174
121055
76633
74464
77583
90076
124702
114308
85769
117657
108718
85490
104345
97091
76574
86029
75339
97886
92307
88762
72617
93914
125128
88811
109551
105514
90830
69711
70948
104516
92477
70865
87848
73071
118936
76610
116120
98642
97930
75290
73582
96024
91126
82756
109508
96213
115776
95351
115121
115653
68556
95712
115307
96187
72971
125687
124152
115975
121163
118756
118937
107335
108847
118749
85727
117884
100992
91500
92943
79957
104370
107192
75454
76264
75541
123220
76129
85091
76548
102541
116960
87693
114665
176869
98055
108347
106810
100691
87236
106687
112442
97172
85998
119884
96926
117195
116663
116470
116185
81955
115296
117048
117647
98844
115622
71979
89677
72364
111111
101766
90208
77383
120193
115027
123176
95404
72553
104566
123676
115557
90557
115588
106576
67397
101211
104427
82875
100500
81446
116031
113333
111040
90858
72780
113532
81340
117392
116471
116009
118123
96171
75433
119769
72963
78160
107863
